fecha_fallecimiento,pais,iso3c,n,n_acum
2020-03-18,Peru,PER,1,1
2020-03-19,Peru,PER,3,4
2020-03-20,Peru,PER,2,6
2020-03-21,Peru,PER,1,7
2020-03-22,Peru,PER,2,9
2020-03-23,Peru,PER,1,10
2020-03-24,Peru,PER,4,14
2020-03-25,Peru,PER,4,14
2020-03-26,Peru,PER,6,20
2020-03-27,Peru,PER,8,28
2020-03-28,Peru,PER,4,32
2020-03-29,Peru,PER,12,44
2020-03-30,Peru,PER,13,57
2020-03-31,Peru,PER,20,77
2020-04-01,Peru,PER,13,90
2020-04-02,Peru,PER,15,105
2020-04-03,Peru,PER,33,138
2020-04-04,Peru,PER,45,183
2020-04-05,Peru,PER,16,199
2020-04-06,Peru,PER,30,229
2020-04-07,Peru,PER,29,258
2020-04-08,Peru,PER,57,315
2020-04-09,Peru,PER,51,366
2020-04-10,Peru,PER,53,419
2020-04-11,Peru,PER,45,464
2020-04-12,Peru,PER,67,531
2020-04-13,Peru,PER,66,597
2020-04-14,Peru,PER,87,684
2020-04-15,Peru,PER,92,776
2020-04-16,Peru,PER,99,875
2020-04-17,Peru,PER,98,973
2020-04-18,Peru,PER,105,1078
2020-04-19,Peru,PER,114,1192
2020-04-20,Peru,PER,116,1308
2020-04-21,Peru,PER,114,1422
2020-04-22,Peru,PER,137,1559
2020-04-23,Peru,PER,137,1696
2020-04-24,Peru,PER,147,1843
2020-04-25,Peru,PER,140,1983
2020-04-26,Peru,PER,162,2145
2020-04-27,Peru,PER,167,2312
2020-04-28,Peru,PER,174,2486
2020-04-29,Peru,PER,162,2648
2020-04-30,Peru,PER,185,2833
2020-05-01,Peru,PER,215,3048
2020-05-02,Peru,PER,203,3251
2020-05-03,Peru,PER,225,3476
2020-05-04,Peru,PER,202,3678
2020-05-05,Peru,PER,228,3906
2020-05-06,Peru,PER,239,4145
2020-05-07,Peru,PER,207,4352
2020-05-08,Peru,PER,223,4575
2020-05-09,Peru,PER,240,4815
2020-05-10,Peru,PER,230,5045
2020-05-11,Peru,PER,259,5304
2020-05-12,Peru,PER,190,5494
2020-05-13,Peru,PER,196,5690
2020-05-14,Peru,PER,234,5924
2020-05-15,Peru,PER,199,6123
2020-05-16,Peru,PER,210,6333
2020-05-17,Peru,PER,216,6549
2020-05-18,Peru,PER,271,6820
2020-05-19,Peru,PER,224,7044
2020-05-20,Peru,PER,270,7314
2020-05-21,Peru,PER,231,7545
2020-05-22,Peru,PER,245,7790
2020-05-23,Peru,PER,230,8020
2020-05-24,Peru,PER,280,8300
2020-05-25,Peru,PER,244,8544
2020-05-26,Peru,PER,161,8705
2020-05-27,Peru,PER,219,8924
2020-05-28,Peru,PER,221,9145
2020-05-29,Peru,PER,249,9394
2020-05-30,Peru,PER,253,9647
2020-05-31,Peru,PER,230,9877
2020-06-01,Peru,PER,260,10137
2020-06-02,Peru,PER,224,10361
2020-06-03,Peru,PER,254,10615
2020-06-04,Peru,PER,257,10872
2020-06-05,Peru,PER,249,11121
2020-06-06,Peru,PER,267,11388
2020-06-07,Peru,PER,217,11605
2020-06-08,Peru,PER,284,11889
2020-06-09,Peru,PER,275,12164
2020-06-10,Peru,PER,306,12470
2020-06-11,Peru,PER,286,12756
2020-06-12,Peru,PER,284,13040
2020-06-13,Peru,PER,295,13335
2020-06-14,Peru,PER,276,13611
2020-06-15,Peru,PER,309,13920
2020-06-16,Peru,PER,303,14223
2020-06-17,Peru,PER,304,14527
2020-06-18,Peru,PER,268,14795
2020-06-19,Peru,PER,291,15086
2020-06-20,Peru,PER,290,15376
2020-06-21,Peru,PER,260,15636
2020-06-22,Peru,PER,265,15901
2020-06-23,Peru,PER,269,16170
2020-06-24,Peru,PER,267,16437
2020-06-25,Peru,PER,260,16697
2020-06-26,Peru,PER,278,16975
2020-06-27,Peru,PER,272,17247
2020-06-28,Peru,PER,289,17536
2020-06-29,Peru,PER,247,17783
2020-06-30,Peru,PER,259,18042
2020-07-01,Peru,PER,212,18254
2020-07-02,Peru,PER,198,18452
2020-07-03,Peru,PER,195,18647
2020-07-04,Peru,PER,163,18810
2020-07-05,Peru,PER,186,18996
2020-07-06,Peru,PER,167,19163
2020-07-07,Peru,PER,171,19334
2020-07-08,Peru,PER,204,19538
2020-07-09,Peru,PER,175,19713
2020-07-10,Peru,PER,193,19906
2020-07-11,Peru,PER,204,20110
2020-07-12,Peru,PER,198,20308
2020-07-13,Peru,PER,187,20495
2020-07-14,Peru,PER,203,20698
2020-07-15,Peru,PER,210,20908
2020-07-16,Peru,PER,200,21108
2020-07-17,Peru,PER,203,21311
2020-07-18,Peru,PER,197,21508
2020-07-19,Peru,PER,200,21708
2020-07-20,Peru,PER,173,21881
2020-07-21,Peru,PER,171,22052
2020-07-22,Peru,PER,213,22265
2020-07-23,Peru,PER,201,22466
2020-07-24,Peru,PER,182,22648
2020-07-25,Peru,PER,166,22814
2020-07-26,Peru,PER,144,22958
2020-07-27,Peru,PER,143,23101
2020-07-28,Peru,PER,146,23247
2020-07-29,Peru,PER,146,23393
2020-07-30,Peru,PER,165,23558
2020-07-31,Peru,PER,166,23724
2020-08-01,Peru,PER,204,23928
2020-08-02,Peru,PER,168,24096
2020-08-03,Peru,PER,71,24167
2020-08-04,Peru,PER,229,24396
2020-08-05,Peru,PER,173,24569
2020-08-06,Peru,PER,227,24796
2020-08-07,Peru,PER,182,24978
2020-08-08,Peru,PER,228,25206
2020-08-09,Peru,PER,153,25359
2020-08-10,Peru,PER,228,25587
2020-08-11,Peru,PER,157,25744
2020-08-12,Peru,PER,168,25912
2020-08-13,Peru,PER,158,26070
2020-08-14,Peru,PER,219,26289
2020-08-15,Peru,PER,142,26431
2020-08-16,Peru,PER,200,26631
2020-08-17,Peru,PER,177,26808
2020-08-18,Peru,PER,116,26924
2020-08-19,Peru,PER,140,27064
2020-08-20,Peru,PER,211,27275
2020-08-21,Peru,PER,178,27453
2020-08-22,Peru,PER,210,27663
2020-08-23,Peru,PER,150,27813
2020-08-24,Peru,PER,188,28001
2020-08-25,Peru,PER,123,28124
2020-08-26,Peru,PER,153,28277
